0	0	0	0	0	0	0	0	0	0	0	0	0	0	0
0.47	0.71	0.71	0.36	0.27	0.36	0.36	0.46	0.51	0.41	0.44	0.39	0.3	0.44	0.51
0.93	1.22	1.17	0.62	0.61	1.39	0.92	1.07	0.93	1.49	1	0.8	0.74	0.7	0.83
2.11	1.9	1.73	1.36	1.11	1.95	1.21	1.42	1.57	2.38	1.57	1.35	1.52	1.05	1.29
2.72	2.3	1.99	1.95	1.77	2.86	1.46	1.77	1.96	3	1.96	1.74	1.85	1.35	1.52
3.51	2.87	2.53	2.3	2.06	3.46	1.93	2.11	2.59	3.84	2.51	2.98	2.39	1.8	1.91
4.34	3.75	2.97	2.95	2.58	3.81	2.39	2.4	3.29	4.5	2.84	3.59	2.95	2.55	2.27
4.91	4.42	3.3	3.39	2.99	4.53	2.68	2.78	3.61	5.25	3.47	4.03	3.51	2.83	2.78
5.48	4.99	3.94	3.79	3.38	5.35	2.94	3.02	4.11	6.26	4.01	4.44	3.92	3.39	3.42
5.99	5.51	4.16	4.11	4.05	5.92	3.42	3.29	4.6	7.05	4.51	4.79	5.03	3.72	3.78
6.72	6.07	4.45	4.5	4.63	6.71	4.09	3.75	4.91	7.8	4.8	5.22	5.47	4.09	4.11
7.13	6.64	4.89	4.72	5.24	7.7	4.58	4.16	5.34	8.32	5.2	5.48	5.84	4.83	4.38
8	7.16	5.27	4.98	5.62	8.61	4.84	4.76	5.84	8.93	5.66	5.96	6.5	5.41	4.63
8.92	7.78	5.69	5.28	6.04	9.15	5.11	5.16	6.4	9.55	6.2	6.23	6.94	5.76	5.38
9.49	8.42	6.02	5.61	6.32	9.95	5.57	5.46	6.84	10.45	6.54	6.99	7.39	6.14	5.84
9.87	8.91	6.45	5.95	7.1	10.49	6.11	5.81	7.2	11.28	6.96	7.37	7.85	6.51	6.16
10.94	9.28	6.88	6.14	7.59	11.01	7.17	6.24	7.88	12.21	7.42	7.88	8.09	6.88	6.62
 